92	97
108	134
89	120
119	112
202	140
184	155
177	83
94	255
112	248
81	230
680	920
570	967
702	1001
691	975
659	990
642	944
845	909
823	909
826	919
802	972
810	988
814	977
768	276
721	285
697	367
624	528
609	442
634	451
628	479
670	455
647	429
725	405
701	398
701	435
783	347
729	321
745	316
751	310
748	304
763	304
764	317
745	338
193	930
186	918
175	904
166	915
161	926
169	924
175	913
197	899
189	863
150	855
146	906
168	891
59	561
90	702
108	672
92	665
141	623
98	591
526	125
538	120
409	643
407	668
421	669
422	690
444	680
433	658
452	656
455	672
481	672
477	684
460	686
442	648
429	664
445	665
322	344
313	352
335	357
325	368
358	389
358	428
351	439
345	404
775	733
780	723
797	722
384	924
851	60
853	69
860	69
872	58